4.902724338338730337e-01
1.156915394866720181e-01
8.208443259305142625e-02
6.610056084204227189e-02
5.887480974197387834e-02
5.236016153655153466e-02
4.758334533965333929e-02
4.257221086386670655e-02
4.094484192418291341e-02
3.796445709118183298e-02
3.525069566800239501e-02
3.300860684285772395e-02
3.217921708809568654e-02
3.062925706518457303e-02
2.955006711343501416e-02
2.871773272277192840e-02
2.732628748771992119e-02
2.723514567664328881e-02
2.633117618871496160e-02
2.633455561355073360e-02
2.546928766322262630e-02
2.535071876296337776e-02
2.483087056811819626e-02
2.506131517918819968e-02
2.433686916656950527e-02
2.356326240015790829e-02
2.401864680045462733e-02
2.331996111080367542e-02
2.314190710399379250e-02
2.309373710700806173e-02
2.287176943760603140e-02
2.247577020700307696e-02
2.195560032541447534e-02
2.270893697884488610e-02
2.171948304043171130e-02
2.225882385639434136e-02
2.178338455392959255e-02
2.151035248361369417e-02
2.167769343136473001e-02
2.146111689904268635e-02
2.134834132850804353e-02
2.083097235002416212e-02
2.100224385156910373e-02
2.062235852663821256e-02
2.073738399417476494e-02
1.987141385040384553e-02
2.024518184046796010e-02
2.030871704300033290e-02
1.966247093328770193e-02
1.982907508202689725e-02
1.984593452529070240e-02
1.967666170936315656e-02
1.983167487890162214e-02
1.947761177224047527e-02
1.926701112075689115e-02
1.966871469024013969e-02
1.895022137050933128e-02
1.919662228369332230e-02
1.908787508356444423e-02
1.894982275652124654e-02
1.824456016988830476e-02
1.889790019535637910e-02
1.819497277127935658e-02
1.886154540834274543e-02
1.816601243979753394e-02
1.789982487705159622e-02
1.819502000716772400e-02
1.787280633332247529e-02
1.801838603346271606e-02
1.803015242231652965e-02
1.756525469666465888e-02
1.762105851493617203e-02
1.789120818151438558e-02
1.743342042603391109e-02
1.728686653870217457e-02
1.730983109867319236e-02
1.731102565263814216e-02
1.729402848063631148e-02
1.716790024508187129e-02
1.733600702533062352e-02
1.710410421278248452e-02
1.669537764280400530e-02
1.695502741618993420e-02
1.682157577907151397e-02
1.680570415201339263e-02
1.647823088346643539e-02
1.666910382027321502e-02
1.632552217454352403e-02
1.620702094378623573e-02
1.639366987300045972e-02
1.600345538413905019e-02
1.575486532392654168e-02
1.608131302798047890e-02
1.623246537402589160e-02
1.601200055806560607e-02
1.566929638068726566e-02
1.591046580925900913e-02
1.568210359385355940e-02
1.572312310813589464e-02
1.577189302349344194e-02
1.527524374504672655e-02
1.539310222848298652e-02
1.566702661679146222e-02
1.505404090944756877e-02
1.511853276652858590e-02
1.522524619792053023e-02
1.506190556398731561e-02
1.537642616065258705e-02
1.496023000317051044e-02
1.477309673073443942e-02
1.508084510235076225e-02
1.487965659099690398e-02
1.513946500230342780e-02
1.483024896142330629e-02
1.476544632001760074e-02
1.467405542969069630e-02
1.440212066741065715e-02
1.456201298439756438e-02
1.475144766588160246e-02
1.483453610476027223e-02
1.472393958730266496e-02
1.461559414388017425e-02
1.452904289310916891e-02
1.431693117669288230e-02
1.439029412304467306e-02
1.420104869027087081e-02
1.412564473662604632e-02
1.421827664004361377e-02
1.397052786134658948e-02
1.357623485333107893e-02
1.384735394348489412e-02
1.401109647481365433e-02
1.378882242406302347e-02
1.375992898532050687e-02
1.361747607985075437e-02
1.400252524763345718e-02
1.371660281686072624e-02
1.386122686907331931e-02
1.385895947905931014e-02
1.369572330385129474e-02
1.356000173440639021e-02
1.358218462939592142e-02
1.336077726148861451e-02
1.338449100904325235e-02
1.330727146383612648e-02
1.358203423863395785e-02
1.323376886071042820e-02
1.337908535323878607e-02
1.351095275715627486e-02
1.338142196231699964e-02
1.341281495790215203e-02
1.334199199571888504e-02
